A C D E F G H I K L M N P Q R S T V W Y
0.0289855 0.3695652 0.1576087 0.2047101 0.8586957 0.0000000 0.5543478 0.5996377 0.2300725 0.6431159 0.5507246 0.1775362 0.2119565 0.3496377 0.2391304 0.1503623 0.3677536 0.3840580 0.7101449 1.0000000
0.4085366 0.4817073 0.5975610 0.8048780 0.2256098 0.1158537 0.7378049 0.3963415 0.2621951 0.3780488 0.5792683 0.5975610 1.0000000 0.6768293 0.5243902 0.5975610 0.4207317 0.3475610 0.0000000 0.4634146
0.8993840 0.8480493 0.0492813 0.0000000 0.2114990 0.3470226 0.5338809 0.8706366 0.2772074 0.6119097 0.2956879 0.4784394 0.6427105 0.3429158 0.2566735 0.5687885 0.3921971 1.0000000 0.3162218 0.1232033
0.1363636 0.4147727 0.2670455 0.3181818 0.7073864 0.0000000 0.4914773 0.4659091 0.0795455 0.9204545 0.6903409 0.2727273 0.0681818 0.3238636 0.1107955 0.1619318 0.6107955 0.4005682 0.4204545 1.0000000
0.0000000 0.7546468 0.7472119 0.6877323 0.4609665 0.7174721 1.0000000 0.3717472 0.3680297 0.2044610 0.4200743 0.7806691 0.4423792 0.6468401 0.5055762 0.7249071 0.6951673 0.6133829 0.4869888 0.7360595
1.0000000 0.5840708 0.1150442 0.1858407 0.0000000 0.3274336 0.3864307 0.4896755 0.3687316 0.0737463 0.0796460 0.7168142 0.4395280 0.4631268 0.2831858 0.9852507 0.7109145 0.6194690 0.0737463 0.0589971
0.9631902 0.7546012 0.3496933 0.4049080 0.0368098 0.0736196 0.4049080 0.6319018 0.2392638 1.0000000 0.7852761 0.7423313 0.0000000 0.6564417 0.3251534 0.9815951 0.4294479 0.2576687 0.1779141 0.0981595
0.0547445 0.3941606 0.4963504 0.6350365 0.3065693 0.4927007 0.6094891 0.3795620 0.0912409 0.4781022 0.5291971 0.4087591 1.0000000 0.4379562 0.0000000 0.3795620 0.3905109 0.5000000 0.0583942 0.1605839
0.6721854 1.0000000 0.3112583 0.2980132 0.0894040 0.0529801 0.5198675 0.7582781 0.2019868 0.2582781 0.2615894 0.7549669 0.8509934 0.6158940 0.0231788 0.6953642 0.9205298 0.8741722 0.0000000 0.0264901
