A C D E F G H I K L M N P Q R S T V W Y
0.0319361 0.4071856 0.1736527 0.2255489 0.9481038 0.0000000 0.6107784 0.6606786 0.2475050 0.7085828 0.6067864 0.1956088 0.2335329 0.3852295 0.2614770 0.1656687 0.4011976 0.3393214 0.7225549 1.0000000
0.1615385 0.2538462 0.5923077 0.6230769 0.0076923 0.9692308 0.7769231 0.1461538 0.4076923 0.1076923 0.5000000 0.5307692 1.0000000 0.6153846 0.7615385 0.3769231 0.1769231 0.0846154 0.0000000 0.4000000
0.8846154 0.8173077 0.1634615 0.0432692 0.0769231 0.8028846 0.5240385 0.8269231 0.3052885 0.4903846 0.1778846 0.5336538 0.6706731 0.3677885 0.1514423 0.6826923 0.3822115 1.0000000 0.2475962 0.0000000
0.1155660 0.3844340 0.2193396 0.2665094 0.7240566 0.0000000 0.5377358 0.4339623 0.0872642 0.7688679 0.7311321 0.2948113 0.0966981 0.3278302 0.1132075 0.2193396 0.6910377 0.3655660 0.4221698 1.0000000
0.0000000 0.7546468 0.7472119 0.6877323 0.4386617 0.6282528 1.0000000 0.3680297 0.3605948 0.1858736 0.3828996 0.7509294 0.4052045 0.6356877 0.5018587 0.7286245 0.6951673 0.6133829 0.4758364 0.7286245
1.0000000 0.5769231 0.0088757 0.0591716 0.0000000 0.2514793 0.3875740 0.4911243 0.3668639 0.0710059 0.0650888 0.7130178 0.4201183 0.4408284 0.2573964 0.9733728 0.7100592 0.6183432 0.0384615 0.0325444
0.9356725 0.7192982 0.3450292 0.3918129 0.0350877 0.0701754 0.3918129 0.6023392 0.2631579 0.9532164 0.7485380 0.8187135 0.0000000 0.6374269 0.3333333 1.0000000 0.4093567 0.2456140 0.1695906 0.0935673
0.3565460 0.6629526 0.4345404 0.5097493 0.2367688 0.3788301 0.5097493 0.4540390 0.1225627 0.3955432 0.4512535 0.4986072 1.0000000 0.4345404 0.0000000 0.5097493 0.5598886 0.6155989 0.0473538 0.1142061
0.6538462 1.0000000 0.2727273 0.2552448 0.4230769 0.0000000 0.6188811 0.7552448 0.3566434 0.2762238 0.2587413 0.7622378 0.8636364 0.6608392 0.2517483 0.6783217 0.9230769 0.8671329 0.5594406 0.3356643
