A	R	N	D	C	Q	E	G	H	I	L	K	M	F	P	S	T	W	Y	V
0.1059076297	0.115752105	0.5844366378	0.2052675983	0.8189038434	0.00895626349	0.4330713104	0.1979503209	0.9716400611	0.7083787655	0.9737316935	0.5056406872	0.9940068048	0.2691778348	0.972479483	0.3210180026	0.9728806046	0.2060060169	0.8865296083	0.3203961863
0.738975986	0.39104829	0.07317852348	0.8956647695	0.9268314517	0.3542789373	0.9118846053	0.9356195791	0.1587169744	0.8342343946	0.5513225706	0.1636718746	0.9768829097	0.6590443533	0.7949925386	0.7234945736	0.5284535759	0.4251591106	0.8469717988	0.04498496809
0.2934010581	0.98515604	0.2536552454	0.01999325074	0.3384179619	0.4562036268	0.3978382271	0.1705863992	0.678140624	0.3172066497	0.3282533349	0.8021881213	0.3300567885	0.1753515938	0.5406806246	0.09975449948	0.560564927	0.9517167464	0.5660083923	0.7472167512
0.6370350045	0.560806165	0.8661295085	0.9287415515	0.1243535233	0.6403129362	0.590316132	0.5049306626	0.3943179384	0.5251116409	0.2027236052	0.7479013044	0.552379229	0.4534257605	0.8559315156	0.2662593428	0.428613342	0.9433107287	0.6559389285	0.6542974944
0.6284356206	0.3840390204	0.6407870768	0.9593211211	0.8934547783	0.149668612	0.3779919101	0.2768246265	0.1839962542	0.9610216099	0.5752260453	0.6553116017	0.9622069663	0.7974952952	0.9941975517	0.02087215536	0.1282868578	0.3915729679	0.2594310402	0.01620140843
0.9422751174	0.2265972323	0.861664072	0.4895633278	0.04995184785	0.002313814873	0.7698299023	0.8662740689	0.4237988857	0.7328895779	0.5861052902	0.7886000877	0.6285961224	0.9985528441	0.1052599079	0.2195356076	0.3261125103	0.3847005394	0.4725518288	0.6717451778
0.3444839192	0.8112612352	0.8736712673	0.3450269378	0.9552524654	0.2802986088	0.8357425303	0.7339725781	0.2246753709	0.551285682	0.7701518601	0.702070315	0.4357933847	0.3911743558	0.3459773286	0.109317737	0.6138824051	0.3403316307	0.647053537	0.8274811429
0.1302941938	0.385607775	0.8362128434	0.3804589046	0.2083252097	0.538247742	0.2270020952	0.5067763584	0.9096352102	0.07705263857	0.2461816761	0.657060259	0.8408702922	0.1361427121	0.7595715938	0.8114106339	0.3875275399	0.3918689301	0.6293171912	0.02990901969
0.7557316144	0.8348660871	0.1724046169	0.8340716593	0.4824762097	0.000934518264	0.3982644704	0.8578768293	0.3610160039	0.5783840032	0.5175593807	0.2040658275	0.9204781026	0.009667856024	0.2347591409	0.5947373392	0.6973938822	0.5615811667	0.7638654356	0.7148253656
