A	R	N	D	C	Q	E	G	H	I	L	K	M	F	P	S	T	W	Y	V
0.645066272	0.346724863	0.5820739509	0.5125131221	0.5120835177	0.9512335043	0.209388827	0.8314025262	0.812659859	0.841275041	0.5273106346	0.2241922627	0.4122785243	0.863419164	0.8991525438	0.6712757225	0.5985750079	0.6556875315	0.272880606	0.6024399433
0.002255200296	0.5822060701	0.2171485538	0.6172469134	0.6007325358	0.1135904073	0.8359651845	0.761148554	0.7520242972	0.8479192363	0.8498666416	0.5370533308	0.2074237022	0.9696889105	0.8980673761	0.8252267397	0.8336916522	0.5779330403	0.1639153603	0.4088217321
0.3389875309	0.9797278984	0.7550783985	0.8579991119	0.6414862379	0.7415957736	0.8802402573	0.1125124222	0.6456038228	0.01885523741	0.7556865929	0.2207956554	0.09798214684	0.4417583511	0.3480124646	0.343005889	0.8838580893	0.6272923315	0.5132847509	0.3061376547
0.5941706606	0.2068132558	0.8283439592	0.7112392738	0.4447348674	0.1122180076	0.4265323483	0.8359258826	0.6610386795	0.7471498752	0.4479856983	0.3497979078	0.2556952513	0.5847720555	0.2937287232	0.1660373908	0.720309626	0.6799327765	0.7331648971	0.5893691261
0.5294953913	0.5610845178	0.05615351817	0.2887374871	0.5120034628	0.9761088002	0.8837178704	0.5224637187	0.08240183372	0.006237378736	0.9555308029	0.4743126801	0.04647146919	0.1335495415	0.1976743251	0.520812073	0.1944601305	0.9500643218	0.6407728194	0.7433311978
0.1785626767	0.3302353162	0.3064496815	0.02284056817	0.2344728388	0.05369536101	0.009159860865	0.6109371533	0.151577676	0.06138674024	0.1308015425	0.1576350756	0.5223433769	0.7557521739	0.8171123686	0.7945846267	0.7086664047	0.0144505474	0.7177065667	0.02179726594
0.1514417894	0.8771007084	0.3457116621	0.8266179538	0.6193259781	0.1858454712	0.3683140221	0.6756003622	0.7436487012	0.8130670786	0.6561253033	0.7631045272	0.7186548528	0.4933747325	0.7171321187	0.1748505527	0.3597337303	0.6920231214	0.2200937118	0.4303261845
0.8070196607	0.3882111884	0.6726037486	0.2048599368	0.03772476452	0.129247783	0.9606337719	0.9003355873	0.007790815799	0.2203616194	0.3792274252	0.1329378941	0.6819240675	0.4549707021	0.9881163233	0.1369837898	0.4308032256	0.3615161415	0.6113799082	0.5458064745
0.2752275968	0.5455041961	0.5668730603	0.003825246178	0.2391984404	0.3391891987	0.2589969111	0.5883464554	0.6374039531	0.6363696944	0.09748988741	0.07530647839	0.4673042056	0.486058264	0.8152676981	0.6700803398	0.2019889043	0.7463253861	0.1499421013	0.9426448076
