A	R	N	D	C	Q	E	G	H	I	L	K	M	F	P	S	T	W	Y	V
0.3390207539	0.2694260929	0.4169059103	0.8604244068	0.5396964424	0.8820093959	0.7196022241	0.879827507	0.9192366025	0.7730603783	0.5728551468	0.3831966881	0.6755601012	0.9356244551	0.5323461234	0.8817571126	0.324021444	0.03772673627	0.4178247039	0.181127683
0.9763858707	0.0783528066	0.1895878017	0.3858322009	0.05053797298	0.9486886835	0.3405466357	0.9453153278	0.5906421697	0.8471368296	0.6012753707	0.7959373483	0.3706369428	0.2788515365	0.3892241542	0.7012731626	0.4783588839	0.9340135564	0.09831850356	0.2221422775
0.1332569575	0.0837907361	0.02145626001	0.3581486664	0.07757118405	0.2589076605	0.4259517445	0.7941106114	0.9990139438	0.882973717	0.06076654625	0.8576117791	0.09240648038	0.2211964111	0.1644050436	0.7480074434	0.04838691929	0.474831909	0.8636418959	0.3325700924
0.4692205115	0.1027029335	0.705787647	0.8220612642	0.9549062905	0.4833392908	0.9509880918	0.9358670955	0.8771892881	0.8447738809	0.1660915981	0.7459374138	0.1647506498	0.9837532106	0.6079079337	0.2491194282	0.2597625107	0.6720977303	0.8612211821	0.859078365
0.7741586531	0.8051744382	0.2057083821	0.4318496539	0.2733853687	0.2859203065	0.2259543822	0.1431679263	0.04606211952	0.357581948	0.2500429857	0.5210706466	0.6798943909	0.5993132333	0.3047427911	0.2038749036	0.7573463771	0.08099931523	0.4090959122	0.541477874
0.008994083217	0.237152118	0.1932562488	0.9870330733	0.8181445674	0.8644486026	0.02571353366	0.3364058563	0.05722022661	0.2734602486	0.05957809067	0.2644132262	0.8545716445	0.03234802015	0.8673902052	0.2797049864	0.03979632351	0.9287743796	0.6239578208	0.1742438726
0.6963047428	0.7460098805	0.1180141224	0.2786951922	0.461789327	0.2001887811	0.2260269529	0.3516367167	0.9604158654	0.9178946935	0.8652798594	0.7283522463	0.02497096983	0.6467335672	0.8583846171	0.4340730687	0.1728633669	0.9862780653	0.5876735233	0.3268834065
0.1367908348	0.8027440239	0.7954589378	0.9771077111	0.1190483228	0.1479861623	0.3949369873	0.9128484949	0.8378675953	0.9418766157	0.6965506223	0.06544615616	0.3648420002	0.8968566362	0.02591733842	0.7339824393	0.2144045011	0.1644284587	0.3119648624	0.1545517741
0.1394910487	0.9655805405	0.8577079049	0.8078759266	0.6119354404	0.03061615576	0.1711379383	0.9279388273	0.02180598035	0.01858209723	0.4299868736	0.2846701839	0.2168078394	0.2124702969	0.8816646477	0.2053080441	0.1210399816	0.6935922084	0.2384600931	0.9719220105
