A	R	N	D	C	Q	E	G	H	I	L	K	M	F	P	S	T	W	Y	V
0.9724646385	0.9173825974	0.7643025572	0.7265521312	0.4251297356	0.09128464749	0.9152855038	0.6313674265	0.8930915464	0.1716277992	0.7363496174	0.3748655568	0.1962747465	0.7845021722	0.6648146783	0.01027929721	0.8874605303	0.11662211	0.4965192939	0.01051515851
0.4636536497	0.6459901627	0.5426822251	0.7407936351	0.8896795012	0.9658045051	0.2809547583	0.9507566448	0.002279315598	0.1353564918	0.4346546761	0.3706677905	0.320978706	0.08248469488	0.4503053077	0.7902755028	0.1562634171	0.3292224711	0.2859854903	0.4491055276
0.6761031814	0.7155963647	0.2716295636	0.173393267	0.7686230964	0.8561030387	0.5572990468	0.4575632006	0.1217290633	0.7792123154	0.3265804798	0.6071064205	0.9297522891	0.5723149063	0.5196469857	0.1349041069	0.03268508992	0.8828531963	0.2841533712	0.8344889076
0.09533867463	0.8109437308	0.7520181544	0.3414321299	0.6417605506	0.06962101791	0.02627807587	0.5379898166	0.3745079674	0.2859015753	0.4545834985	0.8563360859	0.2288808774	0.9691884412	0.3645367526	0.3921572331	0.03897612311	0.9831060016	0.4409568638	0.7530759827
0.5254321532	0.3226754724	0.8362883294	0.7353196523	0.5539914655	0.6208120357	0.9227533978	0.2472424045	0.2595158607	0.0864443878	0.3184808744	0.3797561211	0.6818473142	0.5111281027	0.4497264364	0.1614202978	0.01791498969	0.5718446142	0.4474333742	0.3298865069
0.4587469637	0.904747434	0.6187642437	0.4015883345	0.8505528783	0.3279383675	0.0828678552	0.4280128617	0.09580163134	0.1509258711	0.4150279294	0.08958530004	0.2932258841	0.7242386485	0.3044732813	0.1971434953	0.1049432305	0.2547377104	0.2985116814	0.2461745396
0.734391372	0.44049048	0.6792825434	0.4004306887	0.2005327896	0.663640492	0.3993066604	0.1692377394	0.3017919586	0.3205272008	0.78814346	0.086753415	0.7774460072	0.3653801596	0.4348496716	0.9016295609	0.6946976566	0.297232335	0.2495655288	0.1419764992
0.01641703958	0.6292677709	0.2124380719	0.43322389	0.6375466719	0.3456388896	0.7292232075	0.6154170398	0.9174218549	0.9728591628	0.8302918716	0.5316834954	0.8807665799	0.6711971589	0.6733973218	0.3410498581	0.8118824806	0.1860684757	0.9404447048	0.3464838952
0.9245568938	0.5902419551	0.7546356238	0.6229827623	0.154473099	0.4947472609	0.6867443076	0.1807229503	0.8914142372	0.8096911721	0.2679138557	0.004733220117	0.6453097424	0.1957599791	0.1812445128	0.0752473035	0.2231814996	0.06300620663	0.9655786292	0.3918375023
