A	R	N	D	C	Q	E	G	H	I	L	K	M	F	P	S	T	W	Y	V
0.2053225873	0.7405175989	0.5392670069	0.9174015146	0.9596949658	0.01722571687	0.2259221466	0.5997395825	0.725209795	0.7555026835	0.7745758997	0.985617462	0.1458257685	0.3046210821	0.4026711742	0.4033089181	0.5504019398	0.1073151682	0.9712639694	0.0876766988
0.489399391	0.1973353958	0.6554535032	0.06419065104	0.3309178194	0.8241248918	0.3947436621	0.5492433346	0.7891439992	0.9558691671	0.2078383642	0.06772116848	0.9389541368	0.3818965768	0.7776636259	0.7241409152	0.4823250886	0.8863843375	0.06494739659	0.5802631091
0.7753744645	0.4975503498	0.09247738107	0.8899450502	0.39926298	0.1299890454	0.4571965611	0.02109810341	0.8638569178	0.03253469791	0.5735847595	0.2549653017	0.3699622682	0.3300130341	0.1293137066	0.294536763	0.4241067638	0.6044684098	0.7429523963	0.2367723813
0.4992591627	0.8999300274	0.3535383826	0.9674022289	0.8655402836	0.7545075813	0.4431194693	0.4224271699	0.1768933441	0.8645833653	0.7959101317	0.9270435649	0.392846031	0.7680938824	0.1314948743	0.8705674518	0.1389102077	0.4973711555	0.6145511303	0.3050351339
0.6648296823	0.4967404561	0.9398521414	0.6655089736	0.146800038	0.226047004	0.4188500756	0.7017182212	0.1979490568	0.7785118327	0.2529285714	0.8835168168	0.100780185	0.5297928391	0.9684528365	0.9967412442	0.4559451237	0.3048536711	0.81003434	0.3814034045
0.6536266293	0.8002199917	0.7409667595	0.2807547592	0.8169755232	0.03142901655	0.5835782186	0.0676095991	0.6414610312	0.3889545887	0.7472844518	0.6934174348	0.8596567967	0.480617116	0.938416175	0.5659247282	0.8978996567	0.3144637896	0.2234335239	0.2028694621
0.659421565	0.5333311319	0.8259287629	0.4320021523	0.267970283	0.3507790199	0.0778583741	0.6118292669	0.03659682419	0.5578108323	0.0167339019	0.3328264709	0.8882036188	0.4707723049	0.2230405047	0.3254702093	0.9476097721	0.9730467395	0.6259411409	0.849288632
0.04930500628	0.8666422103	0.170363207	0.6662332174	0.4607272372	0.5944918224	0.4348536265	0.8120252417	0.2078131859	0.02026539333	0.5171274538	0.7707317522	0.007735204842	0.3597170734	0.7630241471	0.330678138	0.9631519877	0.5460701921	0.2046246518	0.3539052491
0.8529642811	0.2816671379	0.89457139	0.9267308912	0.06648139537	0.7790884556	0.6761728753	0.8755774411	0.9710678803	0.7271723427	0.3126626864	0.4300779138	0.7777541961	0.3308417374	0.3140228079	0.8945756131	0.7749588957	0.3683732555	0.2460695086	0.5494829399
