A	R	N	D	C	Q	E	G	H	I	L	K	M	F	P	S	T	W	Y	V
0.3020629145	0.1563138468	0.4810167635	0.4548506734	0.709747654	0.04983264314	0.3156309139	0.5490547013	0.4545010311	0.3690503162	0.8550057151	0.7885758459	0.06336695735	0.6798523291	0.7553556273	0.9583038548	0.1857089059	0.4105849284	0.621162687	0.4507988763
0.7464642017	0.9622656477	0.9035217676	0.04391415857	0.4982182466	0.6738895249	0.6289616119	0.8964450143	0.6129982928	0.6404204697	0.5337234403	0.0880061631	0.6431631574	0.1710957082	0.6325802612	0.210004244	0.6504912339	0.4969605171	0.9866317164	0.2264858159
0.5535467741	0.1890898112	0.4511109205	0.06680534698	0.7756298285	0.6327416447	0.4820911541	0.1864721561	0.08909242574	0.817727241	0.6600819576	0.6381986897	0.1465302862	0.651570987	0.4488556523	0.03208694825	0.5653353852	0.9795728744	0.8494468616	0.1320541252
0.5893215044	0.5046750913	0.03211948955	0.7350121189	0.2896117841	0.8400734808	0.7331965529	0.9099798955	0.9867032689	0.9988032775	0.1890003175	0.6362218134	0.07660049489	0.7270685613	0.6457517896	0.3726690062	0.7261362425	0.221872484	0.03212973063	0.1152947817
0.9660748306	0.9385458841	0.2102913592	0.05477941433	0.5553191422	0.3900599102	0.3315082767	0.03371367906	0.6155195892	0.06754775483	0.2141726782	0.6207540472	0.4426098915	0.8702497061	0.334780704	0.7685574747	0.09027036064	0.7231345485	0.9766009002	0.7029869393
0.2900470657	0.3817397725	0.3160879571	0.9029931004	0.02383089831	0.7763115333	0.7437027583	0.7737420954	0.596627366	0.6311151708	0.5136520238	0.8899726724	0.3710250046	0.5098253425	0.8961616093	0.4922307183	0.4194958791	0.8841943457	0.3662500331	0.2555426062
0.2266392311	0.3007363993	0.004569479255	0.2182535796	0.2307051802	0.2289541754	0.2087336247	0.1581706662	0.4322123436	0.7146733916	0.01765295896	0.6338144788	0.5171994752	0.5333403889	0.836750117	0.3704974566	0.9436282332	0.1406760775	0.1185286815	0.6641112189
0.2216801614	0.3518695211	0.6008214858	0.999918447	0.1821681701	0.3455328546	0.03414483523	0.1393102585	0.3720088323	0.2849285641	0.9399375852	0.5144027345	0.8416787479	0.5765191735	0.8330650781	0.8885112838	0.4968043939	0.5446785546	0.514819673	0.8899550145
0.8745120026	0.09144292134	0.4967509414	0.2073078817	0.6748899992	0.7314686348	0.3510106964	0.9461267028	0.6288934653	0.2449034459	0.7994989027	0.8903509233	0.3162465063	0.07466629608	0.6519484968	0.185982777	0.3603749387	0.5096700106	0.2821887449	0.2703203106
