A	R	N	D	C	Q	E	G	H	I	L	K	M	F	P	S	T	W	Y	V
0.9493883348	0.9007932817	0.202197099	0.4755023996	0.5513467267	0.3906483758	0.8714764404	0.3405901356	0.6640577909	0.9301470545	0.7284219418	0.4290111777	0.6840670054	0.156238682	0.3728490824	0.2239268711	0.7090478408	0.8348692695	0.6006139017	0.7485877357
0.8129103716	0.4632331443	0.3418368488	0.3701255994	0.0893779977	0.8389865982	0.5524851554	0.3041485252	0.3350340794	0.8172788088	0.6397887571	0.7856231818	0.3883488968	0.2547767683	0.2255973336	0.852974594	0.6929543611	0.5744297536	0.1816690522	0.8300284448
0.6114422544	0.475540702	0.9070141971	0.8843665796	0.3802198126	0.06078087968	0.7597999461	0.4908614807	0.3664631092	0.05510553893	0.4049549438	0.2356010516	0.464968145	0.851098017	0.5934957185	0.1581098674	0.05570614221	0.831089933	0.5507292197	0.7487193088
0.9321474299	0.788476182	0.7178689864	0.7931329027	0.005927280239	0.2989627326	0.06523510605	0.4876800398	0.3951831052	0.5770565632	0.5750906986	0.6364453355	0.7119016404	0.6939264254	0.7783012849	0.2854069014	0.9778721583	0.02983421213	0.4213848956	0.8489117419
0.619348983	0.4876565996	0.4391549144	0.6402623113	0.4172854763	0.3035870092	0.4130397233	0.7308826647	0.1230083803	0.2569284209	0.6062959463	0.2314790394	0.6884599099	0.7029575762	0.4847156446	0.4138041166	0.705642856	0.1311617442	0.3550596045	0.5730802148
0.7016609114	0.8857193376	0.3833324627	0.1688312761	0.3937555783	0.2759158959	0.7911481072	0.5758196094	0.8729974203	0.5512578005	0.4708159903	0.7269779255	0.9557985926	0.1193653497	0.6084128211	0.03667307588	0.6191700003	0.9442985295	0.1589859402	0.2553327927
0.5186556522	0.2787876698	0.1791681473	0.3254125011	0.07713341572	0.7559128047	0.08986625037	0.8838739829	0.5281799933	0.3940948294	0.9153184701	0.7877936087	0.5994551939	0.2538325215	0.4246988632	0.9274128335	0.2295688288	0.325439437	0.8885792491	0.6348887241
0.8261511029	0.7241053283	0.8549425336	0.1971984436	0.09335524994	0.4219266129	0.9480736709	0.3380957549	0.3837789638	0.5561212984	0.1985375917	0.04671404232	0.8627991681	0.8184633833	0.8235860069	0.7993548358	0.5125720456	0.5530426775	0.6947181806	0.04619655666
0.1484585316	0.9677762531	0.9527529801	0.8161035687	0.1723931597	0.2996673397	0.3606530822	0.4304104782	0.7457216964	0.8646287711	0.02047431221	0.6105024949	0.4282910343	0.6697578731	0.02319637663	0.7142075448	0.1010828028	0.6692697882	0.4488238642	0.4424615436
