A	R	N	D	C	Q	E	G	H	I	L	K	M	F	P	S	T	W	Y	V
0.776502409	0.8060501619	0.9707883935	0.8647199555	0.3385162099	0.8827926077	0.5817737421	0.3331358139	0.7911455501	0.5326065268	0.7645887271	0.3581818435	0.2679399034	0.5043400979	0.5701190857	0.4006395895	0.7500395587	0.8198552439	0.1833087839	0.2234851532
0.4634895633	0.3029724769	0.7490822223	0.6622668405	0.1232189707	0.4716599802	0.2436776333	0.4160907812	0.09720226126	0.7158605357	0.5708655926	0.1570965327	0.3465464274	0.3171391508	0.1103776167	0.780718894	0.5607237873	0.5313733649	0.2749725648	0.6746962087
0.2518967847	0.6519970434	0.2429187717	0.4716990141	0.6982580437	0.698848048	0.9242724053	0.8686179603	0.5335354579	0.1364585389	0.3921836838	0.7449629923	0.4682882001	0.8156663456	0.46456398	0.9934903281	0.09834675248	0.1537144292	0.8567989975	0.1880877288
0.00672614417	0.4205449172	0.3427941145	0.4571128392	0.3975683781	0.8827830103	0.6594898494	0.704792949	0.3141464212	0.4719450393	0.4690871391	0.6289591069	0.08768890421	0.5896945148	0.5535733452	0.8203012168	0.03976095048	0.6405082392	0.5577415684	0.5964949708
0.6181636616	0.8909045891	0.0197476317	0.1239657059	0.08479051196	0.2944241246	0.1323503757	0.8107177423	0.5936061522	0.9928428794	0.6633325153	0.9155725796	0.9978896707	0.3066364628	0.7302011168	0.8123229242	0.008110361451	0.1615033594	0.672117962	0.3717235938
0.3852811243	0.06279403495	0.09111192348	0.4799046695	0.6993611014	0.9259821107	0.2449768398	0.7987059311	0.8082556278	0.298852268	0.3658599864	0.4915961462	0.6201879362	0.7698694058	0.1513980529	0.7882545899	0.890694144	0.6472319974	0.6293584665	0.9415559773
0.7752191988	0.3144018433	0.8320963305	0.3426146426	0.6092679631	0.02044169955	0.2337380895	0.3027073924	0.9202925531	0.2472810181	0.7008548444	0.2853086492	0.9889734333	0.2110692259	0.7864899941	0.1771357747	0.3722779613	0.501065051	0.5577571307	0.5240160251
0.676657456	0.3370495043	0.7888257704	0.5255513371	0.5269695781	0.435039006	0.2739643367	0.9819705233	0.1151898425	0.01111439704	0.2194108933	0.3172230076	0.9327027072	0.02447061588	0.1581940949	0.2642820097	0.2909388723	0.3633307696	0.5986281941	0.7917895024
0.01735221494	0.3111574869	0.6650574558	0.3755886994	0.2772065158	0.2956334452	0.3185271674	0.7743545107	0.8163683356	0.6191721205	0.3554097122	0.05544636941	0.04627916132	0.5972587644	0.273615687	0.7352713515	0.2995065538	0.289710782	0.2688719846	0.5478605123
