A	R	N	D	C	Q	E	G	H	I	L	K	M	F	P	S	T	W	Y	V
0.04433308125	0.8553173298	0.6429762061	0.6505130935	0.9443253282	0.2136744781	0.3879968689	0.6967689659	0.1586526731	0.05686269115	0.6776036697	0.98290259	0.7645000497	0.9461835744	0.5130244371	0.9131473992	0.8746739819	0.4585050466	0.1981690328	0.4670563095
0.2406762633	0.5649767181	0.3034212334	0.8923541696	0.391552696	0.8506121572	0.5400989583	0.329004187	0.4589382578	0.4470833255	0.3449297918	0.6240410308	0.3943838473	0.3957985105	0.1701778994	0.70707364	0.3719635946	0.7843117345	0.7025970866	0.2879630669
0.78732662	0.4063387573	0.4931744775	0.3110321061	0.4137700973	0.8841303736	0.7696676705	0.5542649157	0.9565753065	0.1616811183	0.525227953	0.9973061877	0.4587622885	0.02822755392	0.3289403243	0.09867189768	0.7545825406	0.8637172153	0.6879014103	0.9204336829
0.4414833099	0.1114054827	0.2054940877	0.1177421576	0.6469414918	0.07746451473	0.2268075302	0.1709047863	0.2034785853	0.5334650099	0.1396904054	0.8793360245	0.7133327682	0.2548175161	0.008713413419	0.05954887885	0.3836777451	0.06673753217	0.7593573066	0.5934589145
0.4439426614	0.1890241816	0.7010307247	0.4586225875	0.4187006935	0.6719198439	0.7800619448	0.1386341196	0.5227587717	0.4975435955	0.5875972251	0.8597561984	0.9694942983	0.4848687692	0.812377752	0.4289615351	0.03914930971	0.4809412684	0.5246561493	0.05891391577
0.3407059959	0.4470112225	0.4050525834	0.4570186605	0.8191323756	0.9554783362	0.7909395911	0.6285246264	0.7092001861	0.3020264503	0.2029838482	0.2977602597	0.8177414146	0.9070507179	0.8357620495	0.5869394158	0.2281243287	0.9314563333	0.3489071297	0.6085725783
0.7638931122	0.06413480282	0.1790305147	0.9253718306	0.3229302524	0.2519004027	0.5077043395	0.4106389278	0.49916395	0.7373955896	0.9670774912	0.9024774694	0.7457575482	0.1464512645	0.1422378605	0.1867721537	0.7018817984	0.5236137071	0.9382226157	0.2667287865
0.2045848208	0.1530272737	0.9196167286	0.5808710884	0.9379386247	0.7215876622	0.8019700193	0.8167417547	0.6335554088	0.8822582311	0.3768011812	0.2341563197	0.2297305659	0.5576671428	0.2857467849	0.9597103705	0.4208835778	0.3875807152	0.2244520045	0.5433423541
0.5846319303	0.568574294	0.3530894359	0.1781051791	0.1607475661	0.9601989644	0.9179304903	0.3759019588	0.1744088615	0.7391684909	0.3471841847	0.5647924931	0.7455757637	0.07156791238	0.3743557424	0.02757891987	0.1069794163	0.2428114729	0.06366776565	0.8367299701
