A	R	N	D	C	Q	E	G	H	I	L	K	M	F	P	S	T	W	Y	V
0.2804766292	0.18448004	0.7992051399	0.7444716089	0.3914975981	0.5907700763	0.360642739	0.1164975872	0.3227303742	0.007896265003	0.1965682169	0.6282276241	0.1609735732	0.04994351842	0.5992463464	0.01850918501	0.7405135316	0.6726145703	0.4190651443	0.8053825775
0.4348781867	0.885239075	0.7559751623	0.6596352567	0.8664388523	0.526725357	0.05878222608	0.7069382453	0.2875520656	0.6963062193	0.2497550588	0.2952164225	0.8097860078	0.3293430492	0.4304873162	0.8039432428	0.3618771249	0.8391177101	0.4446785321	0.1433396303
0.2424140873	0.707455086	0.07447652439	0.6939960014	0.3998485	0.4001830973	0.9292490669	0.571225107	0.1202819854	0.007851737586	0.1491303657	0.2634925537	0.6325825483	0.5677960616	0.8904132543	0.8905612898	0.2507330053	0.1105424586	0.1858357755	0.5545248798
0.06491713744	0.09172163653	0.1800365124	0.5156935889	0.8656999054	0.02006548736	0.9289298786	0.2153367325	0.939760352	0.772729645	0.9214792168	0.4885734009	0.610986472	0.3010967526	0.2333221668	0.6632426095	0.9173441126	0.1733805698	0.7539289202	0.6243737983
0.6117821189	0.6747641959	0.2424511125	0.3389164565	0.7545388467	0.9914701086	0.06214525097	0.7816778438	0.5245656499	0.3420740975	0.3192313446	0.6809561952	0.519385294	0.7875386101	0.7892737291	0.01114584471	0.7355543046	0.8508554183	0.4526480793	0.6996303663
0.6259999965	0.007851859118	0.6803846055	0.5865679936	0.1158546481	0.5726283067	0.1126545189	0.2787133349	0.2250105045	0.4942591744	0.05439300014	0.1722084656	0.9934712253	0.1058034437	0.7760288165	0.5843148034	0.7346766318	0.9223351764	0.4520168399	0.6303472775
0.252329426	0.1716179238	0.5958468641	0.2096104728	0.5478539766	0.8592116437	0.7574283421	0.2229260892	0.7184687889	0.8192144247	0.9372268823	0.9343797414	0.1999560359	0.3825054045	0.6412559099	0.211204381	0.2435629	0.006269564583	0.7520022843	0.2282567509
0.5330710181	0.4517487643	0.4225921346	0.1073319995	0.1459222392	0.8715778815	0.01497914551	0.8766011247	0.6413897606	0.4737285575	0.6976645383	0.08174454423	0.9191362291	0.2659975472	0.6944341905	0.3578944917	0.6331009281	0.7531402129	0.3328250726	0.2802877137
0.3685106509	0.3581643341	0.9795098742	0.8515692666	0.4939097098	0.7699629724	0.6695147773	0.05497698568	0.5854566469	0.3813796403	0.7371627019	0.005175698984	0.5873362729	0.4749625413	0.03885981437	0.3622986847	0.4199877641	0.8380793386	0.4213209384	0.83979364
