A	R	N	D	C	Q	E	G	H	I	L	K	M	F	P	S	T	W	Y	V
0.7128956592	0.2098371748	0.3102934103	0.6229973787	0.1681840505	0.01895563079	0.42830168	0.4856507909	0.9488902769	0.7320107283	0.817170318	0.4271998337	0.04356443996	0.2707553066	0.1684807898	0.8728401635	0.4234369216	0.296305048	0.7068723467	0.5869258898
0.64180599	0.7647938764	0.6988387156	0.803733031	0.005791287147	0.8377817218	0.3770454851	0.7208030321	0.02458511274	0.6594082655	0.7426010416	0.7384421652	0.3627476742	0.07576262322	0.3727529252	0.1580536393	0.5827565409	0.7166655403	0.05777063477	0.6623310143
0.547934507	0.986037007	0.8183149696	0.7919429397	0.4750443586	0.414249123	0.6133828986	0.8061913126	0.2752526619	0.5143404939	0.8389561961	0.7692254226	0.002829317808	0.7536947175	0.5387712229	0.4387475521	0.9428632491	0.5037624189	0.101165806	0.550746052
0.11243869	0.8626328745	0.09974900878	0.3916439833	0.7241310295	0.05873745268	0.8506777653	0.1283525982	0.4663446205	0.7386940587	0.2056143538	0.2270711574	0.2919294752	0.8182781732	0.07697674525	0.4332751723	0.7746776283	0.7327325587	0.2008838431	0.2081876874
0.9927140653	0.8611044452	0.6832361687	0.22112926	0.3284611985	0.6190254653	0.9456615397	0.4824936661	0.5367698036	0.2153260814	0.7905948063	0.9686986866	0.9259737143	0.350103069	0.438549434	0.1383120052	0.5210392287	0.1953349512	0.555677715	0.5676544461
0.6336443388	0.8438668329	0.486005779	0.04453403936	0.3509374623	0.03856288281	0.1302683146	0.8503659683	0.0728885494	0.4006511218	0.1720572529	0.6337853815	0.3775601571	0.5647614567	0.6420374308	0.232960793	0.1742900771	0.5978851938	0.1322715465	0.03916856108
0.3166907467	0.8304600006	0.3252358242	0.0107891139	0.5905352298	0.7600114186	0.8858963677	0.2447384978	0.2660133603	0.001258233622	0.1802562518	0.09144930243	0.2095057765	0.3513160874	0.7300711425	0.1598671859	0.8869374827	0.9146093698	0.7909715412	0.2005307785
0.4589369758	0.8893291587	0.9500179024	0.7776537542	0.5674407301	0.05575042011	0.1787546137	0.8452303592	0.3440467554	0.2264490601	0.3491172132	0.8275361938	0.6323358751	0.9194355996	0.8220870327	0.5709984461	0.4095420951	0.2974487905	0.3527757474	0.5822610019
0.9173685876	0.9801292438	0.2206620952	0.296371189	0.06740947749	0.6805196475	0.1899915406	0.7293670099	0.2735516895	0.7433144315	0.632888902	0.7611449048	0.9818949907	0.5695088895	0.9065233337	0.4673395487	0.8181429043	0.6005736204	0.8657034466	0.3730492406
